;
; VCDS Auto-Scan File 20121020
;
; Copyright © 2000+ Ross-Tech, LLC
;
; created many moons ago by Uwe Ross (Uwe@Ross-Tech.com)
; updated on a regular basis by Sebastian Stange (Sebastian@Ross-Tech.com) and Niels Ezerman (NEz@NEtech.dk)
;
; You can adjust some to your own wishes fix.
; 00,Short standard,01,03,17,56
; 01,My Car,01,03,08,09,15,16,17,36,45,46,55,56
;
; Chassis Code (max 3 characters),
; Description  (max 15 characters),
; Comma-separated list of addresses (max 125 addresses)
; Maximum 250 chassis types
;
9K,VW Caddy,01,03,15,25,46,56
50,VW Corrado,01,02,03,15,25
1E,VW Golf Cabrio,01,02,03,08,15,25,35,56
1V,VW Golf Cabrio,01,02,03,08,15,25,35,56
5Z,VW Fox,01,03,08,09,15,17,19,44,46,56
17,VW Golf Citi,01,09,15,17,25,56
1G,VW Golf/Jetta II,01,02,03
1H,VW Golf/Vento III,01,02,03,08,12,15,25,41,56
1J,VW Golf/Bora IV,01,02,03,08,15,16,17,19,22,29,35,36,37,39,46,47,55,56,57,75,76
9M,VW Jetta IV,01,02,03,08,09,15,16,17,19,22,29,35,36,37,39,46,47,55,56,57,75,76
5W,VW Gol/Par/Sav/Poi,01,03,15,25,17,46
5X,VW Gol/Par/Sav/Poi,01,15,17,25,56
5Y,VW Gol Special,01
1C,VW New Beetle,01,02,03,08,15,17,19,22,25,26,29,35,37,39,46,54,56,65,75
9C,VW New Beetle,01,02,03,08,15,17,19,22,25,26,29,35,37,39,46,54,56,65,75
1Y,VW New Beetle Cab,01,02,03,08,15,17,19,22,25,26,29,35,37,39,46,54,56,65,75
2D,VW LT2,01,25
6X,VW Lupo,01,02,03,08,15,17,19,25,35,37,44,45,55,56
31,VW Passat B3,01,02,03,08,15
3A,VW Passat B4,01,02,03,08,15,25,41
3B,VW Passat B5,01,02,03,08,15,16,17,19,35,36,37,46,47,55,56,57,58,75,76,77
6N,VW Polo,01,02,03,08,15,17,19,25,41,45,46,55,56
6V,VW Polo Classic,01,02,03,15,17,19,25,46,56
6S,VW Polo Vivo,01,02,03,08,09,15,17,19,25,44,46,56
9N,VW Polo,01,02,03,08,09,15,17,19,25,37,44,45,46,56,76
7M,VW Sharan I,25,01,02,03,08,09,15,16,17,18,19,22,29,35,36,37,39,45,55,56,76
7L,VW Touareg,01,02,03,05,06,08,09,11,13,15,16,17,18,19,1C,22,29,32,34,36,37,39,3C,46,47,55,56,57,64,65,68,69,6C,6D,6E,75,76,77
70,VW Transporter,01,02,03,08,15,22,25
7D,VW Transporter,01,02,03,08,15,17,18,19,22,25,35,37,56
7H,VW Transporter,01,02,03,08,09,0B,0D,15,16,17,18,19,1C,22,2D,37,45,46,47,56,57,6E,76,77,78,7D
8Z,Audi A2,01,02,03,08,15,16,17,18,37,45,46,56,57,75,76,77
8L,Audi A3/S3,01,02,03,08,15,16,17,22,35,37,45,55,56,57,75,76
8C,Audi 80/S2 B4,01,02,03,08,15,25
8D,Audi A4 B5,01,02,03,08,15,16,17,25,35,37,45,55,56,57,67,75,76,77
8E,Audi A4 B6,01,02,03,08,09,0F,11,15,16,17,18,36,37,45,46,55,56,57,65,67,69,75,76,77
8G,Audi Cabrio B4,25,01,02,03,08,15,26,35
8H,Audi Cabrio B6,01,02,03,08,09,0F,11,15,16,17,18,26,36,37,45,46,55,56,57,63,65,67,73,75,76,77
8N,Audi TT,01,02,03,08,15,17,22,35,37,45,55,56,76,77
44,Audi 100/200 C3,01,02,03,08,15,25
4A,Audi 100/A6 C4,01,02,03,08,15,17,25,35
4B,Audi A6 C5,01,02,03,06,08,15,16,17,18,22,34,35,36,37,45,55,56,57,65,67,75,76,77
4D,Audi A8 D2,25,01,03,08,11,15,16,17,18,35,37,45,55,56,57,65,67,75,76,77,02
1L,Seat Toledo,01,02,03,15,25,41
1M,Seat Leon/Toledo,01,02,03,08,15,17,19,22,35,36,37,46,56
6H,Seat Arosa,01,02,03,08,15,17,19,25,35,56
6K,Seat Ibiza/Cordoba,01,02,03,08,15,17,25,45,56
6L,Seat Ibiza/Cordoba,01,02,03,08,09,15,17,19,25,37,44,46,55,56
7M,Seat Alhambra I,25,01,02,03,08,09,15,16,17,18,19,22,29,35,36,37,39,45,55,56,76
6Y,Skoda Fabia I,01,02,03,08,09,15,17,19,25,37,44,46,55,56,76
6U,Skoda Felicia,01,03,15,25,41
1U,Skoda Octavia I,01,02,03,08,15,16,17,19,22,29,35,36,37,39,46,56,76
3U,Skoda Superb I,01,02,03,08,15,16,17,19,36,37,46,47,55,56,76
FG,Ford Galaxy,25,01,02,03,08,09,15,16,17,18,19,22,29,35,36,37,39,45,55,56,76
;
